p = 0.126266
q = 2.02628
ChiSquared/NDF = 2949.23/23 = 128.227
